26
0
41
0
135
0
174
180
0
211
477
0
610
0
651
682
0
752
780
803
807
0
898
0
910
1052
1082
1109
1119
1252
1273
1518
1619
0
1681
1747
1754
1759
1813
1831
1842
2129
2133
2150
2415
2431
2486
2694
2749
2761
3053
3313
3478
3592
3709
3712
3861
3989
4071
4379
4402
4657
4664
4757
4805
4868
4893
4931
5098
5718
5772
5869
6037
6279
6280
6446
6454
6518
6567
6799
6837
7001
7010
7086
7130
7168
7270
7306
7352
7576
7692
7727
7807
7926
7960
8321
8325
8481
8503
8616
8718
8799
8886
8911
9210
9233
9253
9267
9591
9870
10037
10177
10239
10306
10351
10509
10535
10572
10842
10948
11050
11113
11223
11230
11318
11320
11450
11574
11616
11731
11780
12056
12080
12426
12704
12766
13041
13068
13190
13223
13238
13427
13429
13512
13727
13834
14088
14266
14268
14576
14886
14911
15137
15147
15241
15255
15493
15551
15675
15718
15844
15866
15923
16116
16137
16177
16357
16472
16521
16597
16739
16789
16792
16827
16963
17211
17319
17405
17819
17893
17900
18038
18160
18322
18703
18722
18751
18759
18856
18856
18865
19059
19063
19414
19423
19479
19652
19852
19968
20465
20620
20788
20987
21094
21108
21161
21255
21276
21303
21322
21573
21598
21654
21803
21869
21932
21950
22169
22255
22265
22303
22352
22613
22656
22689
22946
23000
23168
23211
23237
23443
23692
23915
24072
24073
24373
24391
24461
24488
24533
25111
25245
25312
25332
25413
25556
25740
25797
25830
25846
25847
25954
26021
26279
26537
26642
26752
26946
27150
27256
27316
27431
27523
28057
28088
28164
28264
28377
28419
28485
28558
28616
28637
28706
28734
29042
29073
29097
29098
29106
29277
29317
29573
29783
29839
29882
29901
30318
30568
30624
30656
30727
30743
30896
30982
31034
31125
31209
31209
31232
31249
31266
31373
31415
31449
31477
31513
31565
31705
31734
31846
31850
31910
32021
32024
32275
32367
32496
32526
32542
32580
32599
32761
32947
33045
33106
33115
33157
33210
33411
33426
33428
33458
33482
33491
33519
33765
33768
33822
33887
33925
34117
34144
34254
34285
34287
34309
34443
34549
34637
34752
35135
35135
35193
35319
35420
35433
35472
35492
35559
35608
35644
35726
35740
35777
36050
36193
36212
36489
36578
36836
36874
36995
37098
37141
37270
37273
37290
37406
37538
37564
37648
37672
37735
37857
38068
38198
38237
38245
38361
38423
38547
38763
38951
39010
39105
39200
39239
39346
39734
39892
40069
40204
40538
40589
40663
40900
40981
41024
41108
41435
41501
41583
41692
41897
41939
41945
41981
42077
42140
42155
42167
42277
42401
42635
42764
42953
43018
43081
43106
43321
43346
43449
43489
43588
43674
43727
43762
43824
43850
43974
44002
44027
44111
44133
44225
44576
44601
44632
44703
44760
44865
44969
44987
45182
45186
45349
45392
45450
45490
45491
45509
45958
46026
46054
46115
46244
46327
46561
46600
46626
46693
46753
46789
46798
46952
47031
47093
47206
47280
47365
47388
47425
47456
47631
47719
47735
48019
48057
48071
48081
48104
48194
48358
48772
48821
48897
48943
49038
49058
49202
49219
49287
49368
49470
49488
49572
49607
49622
49683
49724
49869
50030
50096
50371
50389
50464
50525
50837
50936
51050
51212
51307
51612
51693
51869
51894
51985
52057
52342
52633
52672
52971
53076
53125
53135
53179
53340
53467
53502
53821
53856
54255
54347
54649
54716
54747
54850
54893
54922
54958
55213
55334
55457
55464
55594
55681
55869
55892
56123
56280
56310
56335
56419
56475
56653
56679
56715
56720
56901
56955
56971
57124
57153
57397
57401
57478
57615
57679
57753
57815
58282
58314
58357
58409
58414
58628
58712
58802
58880
58912
59051
59068
59074
59167
59408
59577
59660
59727
59758
59857
60040
60142
60271
60277
60307
60315
60388
60441
60526
60728
60730
61025
61103
61332
61374
61390
61400
61603
61680
61933
62032
62069
62216
62283
62599
62608
62635
62789
62830
63055
63058
63077
63211
63334
63346
63376
63401
63513
63695
63748
63902
63935
63965
64448
64451
64716
64726
64809
64885
64995
65014
65377
65378
65391
65392
65430
65684
65714
65895
66016
66138
66152
66208
66238
66387
66412
66543
66870
66942
67054
67062
67146
67193
67337
67344
67650
67864
67911
68025
68065
68142
68293
68324
68328
68386
68560
68565
68626
68821
68847
68855
68890
68939
69224
69369
69397
69417
69442
69623
69640
69688
69883
69974
70043
70078
70352
70361
70430
70452
70592
70762
71010
71017
71270
71436
71471
71501
71774
71933
71948
72026
72117
72140
72490
72621
72919
73106
73550
73556
73580
73586
73665
73687
73760
73884
73984
73985
74122
74136
74141
74154
74190
74280
74318
74320
74344
74438
74494
74618
74641
74732
74733
75011
75075
75077
75324
75368
75486
75644
75850
76037
76086
76119
76153
76241
76279
76370
76494
76622
76674
76794
76854
76864
76915
77008
77274
77339
77398
77482
77504
77728
77745
78018
78161
78391
78601
78697
78772
79063
79371
79447
79511
79552
79616
79754
79971
80051
80195
80277
80375
80464
80762
80868
80935
80991
81031
81215
81256
81484
81667
81741
81841
81930
81956
82151
82267
82356
82514
82576
82606
82639
82683
82712
82755
82801
82954
82974
83130
83222
83249
83690
83797
84037
84164
84230
84279
84326
84453
84492
84543
84625
84656
84696
84771
84833
84842
84983
85034
85249
85280
85316
85344
85346
85374
85457
85572
85744
85807
85831
85951
86057
86086
86137
86320
86323
86395
86433
86563
86760
86772
87045
87375
87389
87803
87860
87891
87894
87976
88086
88143
88238
88249
88499
88499
88513
88546
88634
88654
88666
88741
88846
89039
89257
89323
89392
89395
89480
89492
89504
89529
89609
89727
89809
89844
89980
90106
90234
90505
90736
90737
90754
90869
90885
90897
90975
91209
91310
91394
91398
91567
91688
91811
91999
92082
92107
92124
92246
92296
92374
92446
92474
92712
92712
92833
92871
92917
92940
92986
93000
93055
93182
93245
93407
93578
93607
93634
93662
93844
93860
94047
94152
94187
94730
94754
95098
95197
95229
95343
95439
95527
95640
95685
95775
95854
95894
96277
96292
96380
96434
96500
96552
96774
97096
97137
97213
97353
97372
97427
97439
97671
98085
98087
98134
98247
98384
98589
98674
98814
98910
98922
99141
99141
99184
99394
99442
99487
99544
99772
99933
100147
100229
100274
100428
100631
100701
100743
100768
100984
101135
101217
101438
101450
101538
101580
101583
101650
101671
101700
101786
101824
102054
102439
102566
102635
102776
103058
103142
103234
103303
103383
103429
103482
103549
103711
103798
103848
103917
103951
104089
104146
104250
104264
104270
104433
104440
104447
104745
104773
104783
104923
104959
105164
105395
105410
105516
105570
105645
105918
105946
105966
106031
106338
106366
106378
106408
106437
106473
106520
106583
106645
106647
106681
106716
106793
106910
106926
106932
106988
106989
107045
107062
107169
107306
107351
107384
107447
107475
107787
107918
107953
107990
108386
108401
108717
108963
108965
109220
109372
109412
109998
110217
110227
110287
110415
110455
110476
110620
110709
110756
110805
110843
110893
111033
111429
111433
111654
111751
111955
112132
112191
112294
112322
112328
112381
112382
112467
112594
112744
112768
112779
112875
112901
113040
113048
113132
113187
113313
113322
113392
113580
113681
113884
114065
114161
114265
114287
114312
114518
114756
114772
114948
114954
115235
115476
115619
115710
115724
115816
115919
116093
116130
116225
116338
116550
116580
116623
116672
116689
117062
117185
117188
117230
117269
117492
117594
117629
117645
117656
117735
117743
117788
118251
118494
118690
118972
119047
119115
119400
119555
119601
120006
120007
120007
120032
120122
120662
120809
120813
120845
120890
120937
121046
121107
121110
121123
121138
121183
121282
121295
121313
121484
121573
121585
121650
121687
121793
121873
122005
122218
122274
122421
122462
122922
123207
123209
123284
123339
123566
123612
123638
123653
123897
123914
124009
124027
124083
124300
124327
124350
124355
124460
125337
125376
125580
125641
125664
125683
125790
125889
125905
125907
126280
126380
126394
126409
126439
126483
126596
126670
126699
126749
126956
126987
127386
127447
127499
127547
127857
127945
127965
128063
128096
128103
128385
128491
128528
128589
128750
128751
128912
129296
129424
129543
129735
130045
130119
130471
130525
130615
130638
130652
130745
130826
130841
131142
131245
131270
131422
131597
131741
131764
131812
131839
131868
132117
132282
132347
132423
132444
132628
132689
132857
132989
133001
133039
133056
133110
133303
133310
133345
133397
133539
133599
133728
133823
133910
134062
134192
134482
134625
134697
134983
135007
135032
135162
135268
135303
135415
135418
135450
135485
135721
135751
135797
135835
135964
135972
136000
136124
136149
136300
136469
136538
136713
136743
136840
137065
137126
137141
137236
137247
137280
137289
137310
137361
137421
137449
137603
137664
137849
137911
137935
137957
138087
138107
138117
138140
138229
138297
138480
138620
138734
138907
139185
139203
139307
139741
139857
139909
139943
140049
140052
140301
140603
140628
141003
141134
141233
141289
141367
141379
141410
141530
141830
141837
141984
142084
142173
142254
142281
142326
142431
142456
142796
142859
142873
142935
142942
143035
143085
143279
143291
143547
143643
143750
143753
143885
143941
144095
144148
144335
144449
144627
144811
144817
145069
145254
145275
145358
145446
145567
145630
145683
145719
145870
145920
145933
146040
146048
146125
146299
146339
146398
146487
146546
146749
146894
146935
147067
147262
147389
147389
147420
147448
147465
147481
147551
147749
147772
147972
148014
148266
148300
148370
148441
148532
148798
148929
149096
149184
149296
149390
149534
149788
149836
149878
149891
150097
150140
150180
150196
150320
150611
150664
150727
150794
150867
150946
151133
151139
151377
151516
151622
151625
151880
152075
152653
152748
152886
152910
152979
152980
153210
153252
153252
153281
153384
153394
153468
153570
153675
153681
153892
153991
153997
154293
154548
154560
154582
154731
154843
154890
154982
155014
155220
155222
155460
155531
155582
155609
155666
155762
156014
156022
156040
156371
156374
156424
156720
156788
156827
157117
157120
157133
157635
157656
157736
157801
157831
157948
157997
158062
158088
158210
158221
158673
158860
158893
158919
159013
159093
159207
159221
159262
159365
159497
159590
159620
159882
159958
160024
160073
160182
160628
160763
161125
161313
161362
161491
161592
161804
161805
161822
161879
161908
162041
162291
162297
162509
162561
162635
162658
162776
162829
162878
163130
163149
163157
163158
163283
163293
163311
163391
163492
163500
163519
163578
163585
163600
163824
163974
164255
164260
164352
164372
164403
164425
164425
164502
164512
164591
164649
164754
164770
164779
164797
164905
164944
165102
165245
165313
165455
165714
165893
166015
166198
166451
166675
166780
166916
167068
167152
167245
167259
167297
167441
167724
167807
167889
167906
168424
168553
168617
168661
168693
169006
169073
169154
169185
169312
169327
169336
169534
169730
169885
170222
170240
170324
170339
170415
170521
170839
170840
170899
171031
171266
171287
171360
171363
171470
171634
171736
171751
171936
171947
171969
171994
172024
172028
172047
172114
172134
172159
172530
172649
172677
172887
172920
173140
173344
173394
173420
173429
173435
173437
173535
173583
173866
173935
173980
173994
174079
174171
174196
174256
174270
174372
174385
174386
174422
174472
174891
174920
175106
175153
175160
175388
175439
175556
175569
175583
175655
175725
175862
175964
176093
176110
176208
176220
176403
176722
176859
177013
177048
177199
177312
177322
177581
177595
177664
177700
177706
177843
177867
177953
177992
178026
178091
178222
178231
178241
178517
178587
178701
178768
178835
178910
179075
179198
179425
179540
179580
179602
179677
179983
180026
180211
180330
180414
180508
180594
180632
180753
180829
180992
181071
181086
181190
181376
181381
181398
181479
181592
181612
181739
181800
181922
182181
182208
182300
182375
182458
182458
182563
182859
182904
182963
182993
183016
183032
183118
183177
183197
183239
183248
183338
183355
183686
183770
183838
184062
184090
184619
184646
184728
184802
184893
184971
185024
185099
185292
185302
185328
185346
185387
185479
185504
185572
185574
185702
185730
185831
185934
185988
185994
186187
186304
186541
186547
186637
186746
186767
186785
186849
186865
186936
186993
187196
187200
187204
187214
187283
187348
187569
187609
187646
187647
187812
187895
188072
188378
188625
188931
188967
189032
189282
189329
189360
189365
189370
189519
189739
189825
189914
189948
189987
189999
190356
190407
190443
190480
190903
191258
191339
191774
191802
191931
191935
191936
192083
192091
192092
192101
192426
192590
192681
192953
193033
193562
193687
193689
193819
193952
194154
194474
194513
194777
194831
194860
194945
194989
195473
195568
195603
195752
195779
196260
196313
196404
196406
196447
196873
196938
196965
197151
197232
197382
197492
197865
197878
197934
198132
198328
198401
198463
198901
198945
198967
199119
199204
199373
199566
199583
199589
199608
199723
199858
199937
200027
200143
200249
200281
200428
200492
200604
200765
200853
200959
201293
201339
201344
201520
201579
201639
201729
201853
201862
201892
202232
202244
202395
202447
202480
202524
202558
202568
202633
202801
202919
203280
203407
203424
203485
203752
203959
204018
204104
204139
204401
204447
204460
204540
204612
204623
204765
204767
205030
205094
205205
205253
205387
205466
205737
205795
205825
205856
205913
206038
206083
206220
206356
206357
206434
206545
206639
206887
206948
207123
207253
207423
207449
207599
207599
207745
207785
208018
208082
208085
208236
208358
208455
208540
208581
208584
208587
208850
208947
209115
209151
209281
209356
209420
209708
209824
209856
209892
210055
210191
210384
210390
210449
210653
210732
210739
210834
210870
210945
211000
211297
211373
211447
211456
211618
211630
211640
211850
212181
212183
212228
212466
212474
212521
212603
212792
212839
212979
213044
213073
213109
213126
213200
213233
213259
213274
213760
213995
214119
214121
214314
214368
214374
214388
214417
214507
214528
214548
214609
214674
214693
214830
214958
215002
215197
215200
215293
215374
215389
215480
215574
215706
215721
215806
215823
215916
215946
216084
216086
216362
216408
216420
216479
216601
216636
216639
216640
216684
216687
216875
217110
217130
217776
217876
218026
218096
218208
218219
218246
218286
218309
218341
218441
218564
218707
218772
218831
219017
219051
219203
219205
219239
219310
219631
219738
219841
219901
220099
220135
220186
220223
220283
220343
220397
220415
220470
220577
220624
220702
220747
220870
220881
220893
220939
220957
220980
221246
221289
221298
221320
221487
221494
221623
221775
221784
221789
221946
222125
222165
222257
222303
223238
223277
223451
223490
223583
223610
223878
223929
224183
224270
224296
224312
224551
224624
224793
224847
225034
225094
225141
225242
225423
225489
225578
225653
225686
225791
225806
225888
225890
225960
225978
226088
226114
226254
226384
226412
226533
226574
226724
226844
226873
226978
227130
227340
227445
227647
227989
227998
228133
228147
228217
228379
228504
228594
228665
228697
228711
228876
228929
228935
228970
228986
229037
229078
229102
229142
229223
229374
229436
229537
229657
229730
229810
230157
230175
230231
230241
230256
230273
230368
230443
230578
230671
230710
230717
230801
230914
231029
231072
231147
231209
231256
231290
231343
231344
231384
231744
231758
231974
232035
232394
232452
232656
232666
232786
232788
232797
232940
233048
233060
233545
233850
234012
234102
234245
234266
234440
234497
234542
234578
234625
234635
234707
234861
234889
234939
235122
235179
235503
235601
235651
235665
235739
235853
235880
235882
235894
235907
235930
236020
236022
236031
236137
236263
236306
236331
236388
236406
236457
236494
236665
236775
236776
236786
236906
236969
237092
237211
237425
237472
237637
237678
237887
237889
237920
237939
238012
238017
238023
238069
238369
238596
238602
238705
238727
238824
238864
238872
239100
239174
239206
239218
239437
239586
239803
240046
240153
240216
240452
240548
240612
240661
240790
240965
241025
241141
241149
241753
241818
241913
241944
242118
242154
242261
242443
242461
242528
242544
242592
242687
242827
242940
242959
243720
243745
243879
243933
243962
244059
244068
244223
244236
244236
244326
244354
244356
244404
244501
244514
244649
244687
244729
244748
244862
244882
244884
244909
244995
245067
245125
245191
245198
245379
245932
246002
246074
246134
246184
246227
246259
246310
246477
246554
246676
246691
246699
246880
246941
246944
246979
247140
247182
247206
247332
247670
247741
247774
247840
248031
248041
248117
248392
248485
248502
248505
248537
248570
248625
248803
248814
249060
249275
249285
249335
249352
249385
249540
249556
249809
249965
250125
250266
250300
250370
250723
250753
250754
250810
250926
250930
251164
251417
251494
251583
251587
251720
251859
251861
251893
251924
251943
251976
252100
252146
252295
252498
252660
252663
252708
252741
252804
252823
252841
252851
252973
253035
253117
253240
253284
253313
253378
253453
253572
253652
253667
253681
253714
253860
254216
254291
254305
254460
254760
254803
255077
255145
255151
255228
255307
255335
255347
255395
255466
255881
255895
255940
255955
255977
256054
256193
256255
256258
256393
256520
256529
256546
256650
256664
257027
257132
257172
257287
257325
257339
257377
257397
257570
257698
257777
257785
257824
257882
257945
258067
258142
258169
258209
258312
258330
258359
258498
258566
258625
258638
258707
258884
258887
258994
259058
259082
259093
259360
259373
259523
259686
259770
259776
259955
260187
260305
260349
260419
260624
260679
260746
260899
260946
261094
261246
261283
261313
261489
261576
261603
261689
261770
261803
261913
261996
262186
262196
262217
262304
262309
262332
262354
262461
262468
262505
262520
262627
262710
262866
262943
262980
263308
263368
263483
263666
263730
263904
264150
264191
264372
264440
264714
264834
264941
265032
265143
265234
265537
265604
265755
265904
265929
265971
265982
265991
266015
266018
266058
266103
266103
266116
266199
266232
266256
266257
266363
266483
266641
266642
266809
267186
267243
267338
267360
267486
267583
267749
267754
267778
267867
267967
268014
268091
268519
268592
268844
268856
268913
269037
269049
269057
269304
269343
269444
270098
270162
270343
270461
270500
270520
270567
270757
270860
270897
270918
271219
271250
271278
271583
271986
272082
272301
272377
272474
272844
272872
272887
272998
273143
273173
273225
273396
273451
273507
273562
273601
273621
273639
273643
273682
273796
273831
273896
273976
274043
274141
274170
274185
274306
274580
274638
274640
275041
275098
275155
275206
275220
275251
275553
275598
275656
275673
275897
276090
276188
276189
276202
276249
276382
276431
276454
276468
276512
276716
276720
276750
276847
276931
276937
277007
277144
277565
277620
277698
277800
277823
278012
278121
278288
278373
278496
278602
278611
278627
278732
278884
278904
278915
278955
279066
279114
279179
279263
279283
279321
279695
279834
279939
279998
280033
280160
280192
280227
280304
280621
280687
280691
281090
281348
281385
281574
281621
281622
281848
281896
281970
282099
282261
282298
282300
282493
282644
282738
282770
282800
282844
283130
283164
283191
283430
283490
283600
283807
284083
284101
284443
284504
284541
284602
284709
284822
284923
285012
285058
285215
285225
285493
285536
285596
285682
285715
285732
285839
285907
285929
285965
286069
286248
286531
286781
286796
286830
286907
287041
287082
287170
287235
287332
287371
287565
287645
287667
287679
287745
287811
288143
288184
288222
288255
288268
288359
288483
288489
288496
288506
288558
288680
288703
288755
288773
289079
289243
289352
289382
289466
289467
289487
289629
289718
289813
289822
289874
289885
289923
290215
290312
290396
290484
290535
290640
290694
290803
290851
290993
291028
291335
291538
291675
291719
291814
291909
291909
292370
292406
292671
292782
292782
292874
292921
293103
293113
293156
293223
293301
293311
293378
293433
293488
293649
293735
293887
293940
294048
294087
294139
294147
294204
294336
294355
294418
294473
294505
294535
294551
294566
294585
294733
294766
294779
294827
294901
294930
295363
295599
295639
295818
296043
296308
296312
296889
296899
296995
297108
297123
297125
297443
297754
297804
297947
298057
298065
298286
298410
298438
298723
298787
298794
298864
298944
298957
299640
299656
299744
299748
299775
299861
300056
300084
300180
300213
300231
300291
300333
300571
300608
300806
300831
300979
301246
301308
301775
301804
301826
301943
302201
302276
302327
302409
302687
302812
303038
303190
303413
303449
303991
304028
304123
304380
304704
304840
304947
304978
305031
305049
305052
305076
305127
305141
305355
305410
305503
305633
305756
305852
305944
306110
306279
306363
306605
306616
306674
306701
306740
306842
306940
307028
307068
307218
307277
307515
307595
307697
307818
307901
307957
307967
308020
308251
308256
308289
308448
308467
308469
308555
308640
308717
308727
308804
308817
308914
308917
308948
308957
309167
309177
309222
309354
309380
309506
309511
309516
309675
309890
309919
309940
309954
310137
310184
310216
310329
310373
310406
310528
310584
310673
310736
311166
311235
311399
311461
311491
311509
311546
311746
311943
312074
312085
312151
312375
312515
312530
312569
312769
312771
312798
312840
313026
313157
313185
313190
313305
313344
313347
313465
313488
313666
313702
313705
313728
313892
313985
314025
314037
314088
314152
314188
314202
314231
314234
314312
314349
314431
314622
314883
314894
314966
315057
315173
315176
315307
315468
315483
315585
315650
315858
316120
316137
316171
316283
316290
316316
316359
316379
316639
316645
316692
316713
317009
317020
317024
317067
317218
317369
317448
317561
317955
318062
318097
318104
318466
318590
318607
318910
318938
318950
318960
318963
319028
319270
319785
319808
319940
320073
320132
320194
320341
320572
320882
320963
321051
321070
321072
321112
321329
321342
321369
321383
321418
321719
321784
321851
321894
322097
322120
322279
322287
322323
322349
322369
322406
322579
322797
322830
322927
322963
323029
323068
323092
323267
323375
323428
323630
323895
323929
323961
324012
324018
324443
324479
324571
324632
324785
324853
324972
325059
325111
325256
325447
325558
325558
325873
326214
326342
326478
326564
326675
326721
326722
326728
326957
326979
327141
327239
327251
327261
327291
327362
327557
327667
327711
327764
327991
328024
328061
328095
328328
328438
328524
328527
328561
328655
328685
328751
328868
328894
329062
329163
329211
329216
329240
329530
329591
329617
329634
329639
329712
329763
329811
329827
329868
330009
330129
330148
330299
330627
330632
330739
330789
330835
330906
330924
331009
331107
331192
331305
331634
331807
331916
331940
331991
332011
332065
332115
332161
332492
332606
332653
332653
332676
332960
332972
333020
333111
333140
333540
333670
333739
333755
333811
333860
333954
334007
334245
334312
334338
334366
334373
334821
334868
335010
335040
335159
335166
335224
335237
335273
335383
335403
335733
335863
335978
335994
336080
336099
336195
336270
336426
336471
336536
336942
337062
337160
337333
337435
337510
337618
337679
337872
337911
338034
338052
338120
338432
338440
338479
338498
338528
338637
338875
339011
339043
339214
339226
339276
339453
339648
339911
339934
339970
340077
340094
340126
340320
340398
340599
340687
340716
340752
340907
340979
341009
341046
341095
341312
341452
341657
341696
341720
342262
342321
342335
342541
343055
343222
343245
343267
343323
343393
343626
344343
344403
344639
344645
344690
344690
344765
345055
345183
345240
345263
345266
345353
345517
345769
346039
346276
346376
346552
346602
346651
346726
346786
346920
346943
347191
347252
347472
347645
347663
347685
347973
348370
348704
348733
348788
348822
348871
348930
348974
349238
349327
349337
349535
349638
349659
349804
349990
350094
350122
350226
350253
350355
350378
350418
350437
350496
350551
350776
350939
350956
351150
351159
351253
351310
351323
351595
351671
351680
351951
352084
352234
352294
352413
352470
352513
352528
353030
353056
353058
353098
353113
353179
353346
353484
353967
354232
354352
354408
354575
354587
354628
354723
354948
355273
355394
355417
355550
355687
355750
355855
355916
356082
356215
356229
356387
356440
356467
356655
356674
356855
356921
357062
357076
357170
357298
357371
357378
357534
357722
357956
357967
358026
358051
358375
358526
358651
358718
358827
358972
358978
358996
359063
359134
359318
359608
359612
359947
360068
360080
360340
360358
360910
361064
361094
361160
361200
361207
361247
361270
361296
361313
361318
361365
361416
361435
361583
361958
362019
362101
362122
362510
362530
362619
362820
363090
363324
363540
363655
363656
363842
363916
363956
364054
364139
364142
364163
364184
364316
364340
364416
364423
364521
364530
364543
364573
364752
364774
364860
364873
364928
365035
365037
365126
365158
365223
365416
365597
365712
365767
365827
365841
366088
366180
366218
366285
366302
366375
366396
366560
366663
366761
366937
366976
367137
367163
367231
367256
367343
367490
367621
367662
367852
368032
368342
368416
368457
368466
368633
368652
368711
368720
368895
368900
369016
369070
369246
369303
369352
369785
369841
369862
370605
370793
370918
370945
370946
371016
371148
371208
371291
371479
371676
371811
371860
371873
371896
371917
372078
372384
372467
372569
372641
372735
373131
373415
373670
373844
374094
374178
374224
374270
374491
374524
374546
374661
374712
374737
374943
375045
375056
375116
375131
375307
375364
375476
375487
375574
375662
375759
375812
375813
375928
375985
376190
376196
376242
376429
376455
376461
376631
376649
376852
376967
376985
377045
377066
377144
377211
377248
377380
377487
377576
377605
377623
377735
377889
377974
378092
378163
378264
378278
378517
378534
378535
378585
378614
378742
378842
378846
378851
378909
378941
378972
379050
379119
379168
379275
379277
379376
379398
379683
379791
379807
379842
379853
379891
379940
380040
380059
380648
380744
380776
380867
380987
381141
381747
381759
381940
382204
382259
382313
382463
382595
382651
383033
383195
383210
383581
383583
383591
383633
383682
383933
383973
384079
384106
384266
384296
384348
384420
384454
384461
384524
384570
384697
384698
384876
384979
385094
385117
385134
385149
385207
385251
385253
385289
385338
385369
385395
385438
385661
385872
386068
386069
386143
386154
386164
386180
386186
386377
386389
386449
386511
386581
386832
386938
387127
387151
387291
387313
387398
387485
387583
387615
387756
387830
387861
387891
388003
388235
388276
388303
388318
388513
388626
388933
389026
389728
389847
389886
389939
390124
390294
390328
390461
390595
390610
390742
390752
390958
391092
391096
391195
391220
391244
391286
391403
391461
391518
391538
391548
391714
392043
392059
392139
392197
392198
392310
392435
392441
392453
392519
392532
392535
392669
392691
392776
392828
392847
392854
392867
392961
392981
393094
393124
393263
393268
393356
393450
393533
393547
393867
393900
393906
393966
394113
394135
394170
394187
394375
394461
394589
394807
394868
395257
395279
395328
395621
395641
395753
395775
396230
396902
396987
396995
397234
397666
397682
397700
397771
397877
397963
398035
398157
398179
398212
398308
398422
398492
398539
398588
398605
398737
398797
398908
398977
399035
399158
399197
399276
399323
399356
399458
399493
399518
399632
399652
399738
399858
399994
400025
400360
400402
400409
400975
401107
401227
401483
401531
401767
401832
402445
402553
402652
402686
402743
402780
402832
402934
402957
403075
403126
403266
403276
403372
403499
403571
403599
403988
404000
404089
404458
404509
404629
404666
404672
404703
404757
404798
405206
405311
405500
405581
405655
405666
405769
405867
406075
406126
406174
406238
406280
406490
406786
406987
407020
407097
407112
407219
407269
407313
407414
407813
407984
408039
408143
408362
408437
408479
408525
408570
408703
408757
408795
408972
409055
409113
409207
409224
409225
409363
409411
409570
409623
409657
409659
409871
410021
410048
410082
410094
410121
410346
410658
410687
410692
410741
410842
411080
411157
411191
411237
411246
411338
411440
411482
411606
411709
411720
411721
412048
412097
412136
412288
412353
412665
412764
412799
412834
412924
412949
413050
413100
413109
413195
413423
413441
413511
413564
413681
413705
413729
413766
413799
413817
413857
413903
413938
414107
414180
414199
414265
414289
414521
414594
414598
414825
414943
415079
415092
415174
415194
415447
415528
415800
415886
416054
416093
416184
416191
416229
416248
416295
416335
416456
416479
416489
416498
416501
416538
416672
416830
416876
417290
417687
417723
417821
417846
417945
418025
418139
418266
418373
418420
418885
419232
419345
419586
419713
419732
419744
419759
419843
420086
420150
420683
420748
420798
420808
420852
420853
420858
421008
421058
421124
421163
421200
421203
421222
421314
421373
421381
421388
421472
421512
421994
422081
422104
422135
422136
422338
422362
422415
422664
422675
422769
422807
422836
422935
423153
423363
423400
423424
423444
423474
423548
423680
423725
423726
423761
423942
423990
424043
424050
424080
424108
424186
424253
424371
424570
424767
425092
425226
425566
425606
425888
425971
426027
426039
426102
426228
426231
426233
426381
426574
426577
426950
427014
427281
427415
427500
427563
427692
427725
427909
428183
428275
428328
428387
428825
428941
429049
429097
429165
429497
429499
429727
429981
430160
430314
430488
430575
430745
430870
430889
430956
430960
431217
431314
431348
431438
431679
431863
431933
432160
432168
432240
432256
432266
432430
432510
432798
433495
433536
433748
433766
433806
433955
434134
434152
434277
434512
434521
434544
434694
434958
435040
435100
435211
435283
435641
435676
435695
435990
436103
436246
436267
436672
436858
437017
437117
437154
437283
437346
437512
437802
437808
438051
438204
438356
438460
438848
439022
439394
439656
439666
439713
439844
439857
439914
439959
440496
440670
440718
440895
440951
441184
441816
441839
442024
442049
442064
442275
442298
442434
442481
442593
442723
442728
442787
442824
442857
442950
443101
443190
443297
443360
443394
443399
443451
443525
443615
443641
443681
443862
443879
443939
444197
444203
444400
444419
444499
444502
444655
444707
444708
444900
444972
445222
445226
445263
445452
445499
445574
445721
445817
445844
445880
445901
445909
445918
445920
445921
445940
446316
446319
446425
446502
446613
446782
446943
447387
447566
447690
447770
448054
448079
448268
448381
448386
448387
448410
448813
448868
448965
448999
449009
449023
449029
449116
449177
449182
449469
449507
449564
449622
449662
449778
449801
449847
449916
450038
450089
450132
450142
450323
450336
450518
450651
450907
451184
451339
451588
451604
451629
451750
451795
451889
451963
452031
452068
452091
452268
452409
452462
452623
452941
453178
453183
453293
453496
453543
453556
453764
453781
453880
453958
453987
454070
454144
454189
454222
454309
454340
454526
454574
454785
454800
454869
454888
454922
454997
455038
455085
455200
455229
455231
455262
455340
455397
455584
455672
455697
455737
455823
455936
455977
456068
456092
456595
456730
456901
457001
457129
457145
457193
457417
457561
457650
457661
457765
457777
457813
457909
458018
458030
458041
458216
458365
458407
458603
458826
458868
459291
459441
459470
459492
459563
459708
459763
460210
460213
460292
460305
460337
460501
460597
460747
460774
460994
461029
461267
461302
461359
461364
461534
461694
461758
461774
461902
462076
462208
462428
462516
462757
462818
462912
462936
462987
462992
463003
463177
463206
463343
463394
463438
463446
463595
463677
463747
463814
463853
464100
464166
464229
464443
464484
464492
464783
464806
464809
464836
464976
465060
465093
465194
465319
465378
465437
465648
465744
465841
466090
466106
466139
466249
466439
466505
466590
466604
466606
466779
466851
466891
467094
467224
467308
467674
467717
467834
468050
468213
468479
468575
468589
468633
468757
468785
469071
469108
469197
469216
469243
469315
469512
469624
469688
469720
469736
469946
470014
470037
470146
470228
470269
470279
470556
470567
470712
471127
471303
471443
471520
471570
471652
471880
471971
472140
472255
472259
472287
472469
472544
472551
472908
472915
472982
473031
473085
473152
473228
473289
473386
473410
473526
473731
473742
473890
473986
474046
474077
474275
474290
474290
474368
474436
474781
474913
474986
475068
475528
476165
476189
476350
476524
476550
476607
476654
476747
476798
476824
476856
476988
477026
477068
477121
477304
477378
477537
477540
477577
477713
477837
477886
477950
478009
478043
478104
478302
478545
478627
478782
478868
478891
478948
479046
479072
479254
479407
479423
479836
479892
480003
480553
480698
480752
480789
480880
480972
481087
481099
481200
481278
481447
481482
481546
481579
481594
481619
481751
481806
481866
481987
482011
482031
482083
482138
482146
482215
482231
482492
482693
482826
483194
483300
483301
483433
483494
483528
483549
483603
483616
483780
483879
483983
484042
484147
484186
484250
484316
484426
484644
484798
484923
484951
484983
485105
485219
485428
485442
485535
485585
485781
485926
485976
486087
486130
486164
486252
486261
486264
486444
486520
486528
486671
486736
486745
487111
487243
487277
487290
487346
487459
487501
487535
487549
487552
487760
487830
487854
487908
488089
488242
488348
488408
488467
488478
488537
488581
488672
488679
488729
488745
488825
488878
488944
489083
489147
489401
489461
489473
489525
489817
489860
489919
490332
490357
490379
490423
490704
490795
490837
491021
491062
491299
491384
491450
491547
491767
491894
491956
492001
492041
492117
492138
492179
492303
492378
492407
492666
492904
492941
493417
493772
493773
493806
493876
494104
494151
494158
494472
494517
494534
494672
494730
494754
494871
494922
495012
495080
495195
495636
495675
495839
495840
495891
496128
496250
496270
496313
496359
496359
496363
496521
496681
496743
496754
496760
496864
496984
497008
497436
497441
497454
497499
497655
497901
498202
498210
498219
498223
498253
498256
498300
498356
498410
498609
498656
498775
498804
498910
498993
499003
499034
499050
499288
499305
499392
499407
499506
499601
499628
499640
499717
499895
499985
500015
500017
500262
500267
500276
500303
500340
500388
500443
500677
500738
500966
501007
501214
501271
501390
501959
502120
502178
502195
502220
502313
503116
503155
503184
503279
503351
503386
503529
503588
503632
503650
503651
503732
503770
503793
503810
503850
504034
504057
504426
504438
504486
504493
504570
504777
504793
505298
505459
505467
505485
505661
505710
505794
505810
505905
505974
506068
506154
506166
506265
506325
506327
506417
506754
506763
506863
506894
506940
507137
507210
507262
507311
507678
507761
507763
507796
507802
507816
508061
508164
508422
508564
508587
508705
509017
509051
509222
509239
509334
509456
509489
509578
509654
509677
509714
509869
509965
510057
510068
510135
510406
510437
510691
511000
511024
511032
511158
511281
511305
511401
511435
511458
511586
511672
511696
511705
511819
511932
511970
512155
512176
512272
512282
512423
512527
512527
512583
512776
512977
513001
513027
513076
513167
513173
513302
513422
513463
513522
513859
513879
513964
513989
513995
514032
514082
514186
514237
514409
514463
514504
514729
515145
515224
515253
515665
515876
515880
516122
516156
516322
516390
516449
516552
516600
516853
516883
517024
517187
517237
517420
517518
517570
517660
517810
517862
518074
518240
518304
518478
518568
518768
518877
518918
518920
518934
519137
519203
519292
519629
519640
519653
519714
519717
519729
519868
519881
520008
520044
520183
520184
520238
520368
520565
520644
520703
520707
520857
520863
520892
520946
521233
521426
521505
521624
521745
521890
521915
521961
522124
522177
522227
522392
522408
522527
522573
522734
522783
522798
523174
523237
523478
523556
523646
523722
523776
523810
523880
523935
524109
524109
524117
524121
524215
524338
524396
524400
524529
524569
524651
524669
524670
524720
524735
524818
524838
525000
525002
525011
525023
525026
525164
525245
525317
525419
525468
525477
525563
525817
525930
526287
526294
526807
526926
526986
527038
527054
527294
527509
527543
527749
527811
527815
527839
527889
527891
527952
528122
528179
528278
528326
528356
528428
528455
528456
528483
528582
529064
529435
529518
529549
529766
529785
529802
529903
530390
530482
530603
530807
530866
530929
530955
530980
531222
531485
531531
531831
531999
532068
532252
532365
532493
532577
532656
532688
532733
532782
532822
532837
533123
533174
533246
533318
533441
533442
533569
533627
533686
533693
533712
533729
533851
533895
533909
534032
534379
534490
534552
534573
534589
534777
534808
534830
534874
534904
535019
535049
535066
535069
535122
535168
535258
535439
535698
535765
535885
535891
535942
535986
536281
536396
536533
536643
536658
536730
537031
537043
537152
537437
537468
537500
537821
537987
538096
538112
538175
538308
538474
538581
538646
538652
538654
538820
538824
538828
539123
539181
539286
539289
539300
539349
539472
539472
539502
539538
539825
539868
540063
540290
540300
540300
540320
540406
540620
540777
540832
540867
541020
541122
541134
541244
541319
541332
541445
541455
541501
541573
541718
541786
541826
541836
541898
542034
542039
542094
542110
542166
542171
542214
542338
542377
542486
542499
542518
542859
542912
542929
543145
543201
543448
543511
543567
543817
543882
543919
543924
544090
544109
544111
544460
544612
544624
544632
544670
544693
545165
545379
545454
545784
545904
545921
545969
545971
546205
546208
546215
546429
546443
546513
546554
546791
546823
547083
547282
547457
547510
547603
547637
547780
547804
548341
548420
548488
548500
548530
548579
548635
548738
548808
548842
548892
548940
549034
549061
549137
549233
549250
549396
549422
549521
549539
549733
549777
549824
550130
550346
550353
550421
550498
550615
550715
550746
550819
550868
550883
550898
551084
551102
551216
551263
551301
551425
551522
551553
551591
551675
551678
551712
551723
551849
551891
551938
551940
552024
552048
552071
552110
552149
552220
552240
552906
552945
552994
553085
553091
553253
553393
553540
553836
553889
554089
554167
554196
554207
554440
554809
554825
554932
555023
555101
555220
555363
555466
555500
555708
555807
555847
555923
555935
555940
555989
556232
556248
556551
556556
556567
556598
556679
556709
556743
556946
556995
557052
557107
557112
557331
557331
557443
557540
557750
557761
557802
557928
558340
558479
558594
558692
558858
559008
559024
559089
559104
559127
559183
559289
559295
559367
559400
559500
559565
559572
559703
559835
559855
559868
559947
559964
559998
560400
560575
560752
560756
560854
560894
560898
560935
561152
561266
561303
561357
561510
561533
561628
561742
561793
561907
561937
562022
562125
562258
562296
562459
562497
562558
562766
562767
562790
562854
562862
562873
562875
562919
563123
563598
563671
563671
563705
563711
563805
563877
564014
564029
564038
564131
564580
564722
564934
565107
565254
565261
565302
565585
565991
566205
566298
566379
566611
566724
566939
567180
567217
567271
567383
567700
567734
567839
568069
568120
568219
568419
568570
568653
568767
568819
569155
569232
569264
569327
569333
569394
569434
569650
569801
569960
570029
570078
570181
570189
570197
570200
570268
570342
570447
570484
570501
570528
570565
570752
570928
571181
571271
571298
571356
571742
572044
572228
572270
572576
572582
572684
572753
572948
572955
572982
573128
573557
573557
573632
573712
573742
573863
573903
574227
574234
574329
574388
574418
574443
574520
574553
574639
574725
574858
574934
574959
575020
575177
575391
575418
575464
575472
575504
575674
576061
576082
576198
576214
576222
576377
576473
576558
576574
576792
577042
577063
577205
577311
577340
577458
577525
577530
577602
577630
577645
577665
577985
578225
578331
578364
578423
578786
578860
578980
578992
579028
579038
579235
579276
579336
579433
579553
579612
579630
579677
579810
579818
579926
579983
580171
580228
580574
580591
580613
580613
580789
580856
580902
580915
580943
580976
580992
580995
581118
581178
581286
581290
581337
581395
581414
581627
581703
581750
581832
582042
582262
582415
582556
582593
582720
582863
583014
583225
583252
583276
583325
583364
583778
583905
583916
583997
584038
584051
584073
584146
584241
584283
584326
584493
584497
584538
584556
584649
584951
585065
585178
585249
585378
585543
585612
585796
585807
585823
585889
585943
585955
586039
586305
586399
586443
586507
586585
586858
586892
586913
587071
587081
587107
587425
587471
587670
587715
587799
587860
587927
588267
588322
588332
588373
588463
588985
589435
589453
589530
589567
589581
589733
589823
589862
589877
589881
589942
590106
590123
590135
590240
590279
590428
590460
590466
590480
590809
590884
591064
591299
591411
591430
591620
591668
591837
591844
591906
592036
592234
592673
592812
592891
592909
593627
593724
593735
593867
593901
594103
594129
594153
594197
594358
594393
594427
594521
594549
594588
594640
594744
594766
594781
594817
594864
594909
594991
595141
595228
595252
595259
595275
595318
595373
595405
595692
595846
595903
595980
596008
596113
596125
596198
596226
596251
596262
596290
596575
596594
596628
596777
597011
597090
597210
597352
597380
597576
597656
597671
597695
597917
597936
597964
598025
598065
598100
598137
598525
598559
598602
598682
599165
599219
599254
599318
599330
599411
599472
599479
599590
599634
599718
599764
599817
600013
600051
600408
600697
600749
600768
600899
601209
601563
601567
601831
601846
601881
602033
602103
602325
602433
602531
602549
602729
602833
602835
603224
603244
603339
603340
603399
603459
603471
603551
603658
603660
603694
603739
603816
603916
603917
603949
604012
604095
604139
604149
604299
604464
604513
604659
605025
605200
605347
605477
605479
605587
605659
605820
605852
605971
606035
606115
606241
606383
606777
606869
606893
606950
606951
607095
607143
607186
607249
607373
607445
607468
607477
607508
607777
607873
607930
608051
608320
608336
608353
608404
608539
608575
608684
608767
608793
608814
608984
609128
609144
609191
609292
609301
609385
609476
609612
609626
609634
609773
609790
609860
609949
610017
610027
610035
610092
610093
610124
610216
610221
610293
610354
610512
610613
610683
610688
610721
610779
610845
610933
611109
611199
611274
611400
611412
611430
611511
611817
611845
612046
612417
612474
612524
612598
612678
612721
612746
612930
613142
613325
613392
613549
613620
613718
613723
613731
613811
613863
613978
614055
614122
614205
614333
614344
614365
614407
614845
614904
614997
615016
615181
615214
615265
615356
615721
616047
616081
616180
616420
616539
616895
617024
617030
617189
617253
617531
617538
617551
617600
617695
617698
618064
618203
618283
618335
618384
618463
618472
618523
618839
618936
618954
618972
619041
619050
619370
619377
619448
619491
619669
619706
619848
619893
619904
619982
620019
620033
620281
620425
620465
620465
620539
620916
620985
621223
621363
621420
621473
621528
621632
621647
621698
621708
621742
621743
621758
621975
622091
622175
622270
622280
622312
622462
622508
622531
622537
622604
622781
622882
622903
622937
623056
623062
623130
623326
623407
623432
623525
623573
623634
623926
624042
624116
624228
624294
624395
624438
624463
624602
624613
624773
624807
624999
625016
625227
625399
625491
625541
625608
625660
625662
625695
625705
625794
625807
625872
625914
626000
626131
626301
626353
626408
626455
626520
626563
626616
626622
626701
626714
626754
626846
626889
626927
627277
627287
627322
627345
627460
627476
627508
627689
627778
628084
628274
628278
628287
628468
628548
628612
628663
628947
628963
628978
628989
629070
629276
629328
629523
629662
629725
629798
629911
630007
630230
630296
630305
630497
630560
630664
630896
630960
631018
631081
631199
631500
631516
631591
631713
631752
631787
631977
632030
632193
632356
632359
632361
632430
632503
632512
632544
632571
632591
632633
632662
632702
632820
632916
633222
633232
633271
633511
633552
633554
633632
633702
633853
634012
634014
634095
634102
634408
634462
634623
634696
634760
634820
634842
635012
635033
635151
635195
635211
635224
635228
635253
635288
635305
635307
635454
635645
635673
635683
635762
635963
636038
636042
636242
636298
636320
636356
636359
636421
636680
636687
636719
636736
636818
637015
637115
637165
637236
637351
637447
637559
637920
637949
637994
638070
638094
638122
638149
638172
638212
638230
638311
638338
638384
638438
638527
638640
638827
638842
639202
639346
639351
639573
639640
639686
639690
639728
639839
639880
639942
640083
640223
640236
640368
640378
640620
640665
640706
640881
640899
641264
641399
641404
641811
641896
642002
642369
642465
642566
642761
642963
642967
642993
643001
643605
643806
643929
644220
644333
644334
644403
644483
644486
644507
644563
644633
644705
644898
644923
645008
645045
645300
645310
645597
645609
645667
645730
645989
646022
646205
646271
646448
646629
646762
646776
646784
646796
646797
646907
647105
647305
647391
647416
647427
647564
647574
647579
647639
647717
647797
647799
647802
647804
647872
648012
648125
648362
648530
648738
648751
648752
649038
649066
649165
649171
649227
649568
649574
649705
649789
649814
649940
650081
650161
650236
650300
650429
650654
650698
650740
650757
650764
650992
651069
651153
651187
651310
651333
651595
651768
651880
651995
652061
652320
652352
652385
652439
652657
652726
652798
652809
652832
652836
652998
653061
653097
653105
653109
653172
653417
653802
653846
653849
654036
654060
654154
654169
654208
654306
654555
654719
654760
654817
654839
654874
654886
654946
654968
655139
655147
655253
655414
655525
655677
655760
655815
655817
655849
655936
655987
656071
656192
656206
656300
656317
656349
656420
656461
656763
656873
656920
657031
657084
657092
657111
657141
657169
657288
657359
657397
657412
657553
657563
657678
657826
657890
658082
658196
658277
658290
658341
658346
658379
658448
658451
658495
658564
658564
658589
658668
658964
658975
659019
659028
659222
659298
659309
659474
659648
659660
659715
659811
659825
659914
659987
660005
660033
660062
660091
660096
660216
660326
660423
660436
660443
660457
660522
660629
660681
660905
660923
661019
661327
661404
661413
661420
661596
661828
661909
662047
662091
662129
662213
662235
662278
662421
662484
663056
663218
663339
663423
663464
663521
663593
663682
663727
663931
663979
664004
664015
664020
664085
664145
664305
664340
664379
664437
664475
664928
664964
665211
665506
665597
665747
665846
665900
665978
666179
666433
666586
666802
666888
666893
666903
666912
666966
667380
667384
667463
667621
667844
667876
667896
667928
668061
668064
668178
668213
668230
668280
668393
668412
668428
668483
668591
668749
668901
669002
669065
669080
669147
669354
669521
669552
669996
670226
670270
670454
670468
670580
670818
670970
671087
671468
671473
671502
671684
671780
671896
672058
672140
672421
672460
672562
672847
672861
672931
673320
673367
673381
673576
673842
674059
674282
674311
674410
674601
674663
674707
674823
674894
674897
674940
674967
675036
675050
675091
675212
675545
675645
676113
676140
676148
676308
676399
676470
676650
676826
676903
677046
677238
677306
677471
677549
677599
677676
677738
677766
678190
678274
678295
678466
678797
678865
678886
678989
679065
679125
679194
679344
679357
679453
679791
679794
679945
680044
680235
680254
680271
680324
680340
680390
680574
680637
680772
680840
680860
680908
680955
681042
681053
681206
681553
681642
681650
681679
681764
681804
681945
682118
682439
682451
682749
682786
682852
682926
682927
683001
683168
683404
683426
683506
683823
683826
683836
684010
684149
684155
684312
684410
684528
684543
684592
684712
684917
684947
684949
685100
685292
685404
685463
685549
685633
685696
686181
686404
686570
686888
686948
686975
687096
687152
687155
687273
687399
687445
687458
687559
687616
687744
687834
688052
688166
688207
688237
688310
688550
688634
688677
688733
688811
688943
688984
689049
689064
689191
689219
689403
689518
689591
689731
689739
689768
689882
689952
690011
690039
690050
690225
690318
690696
690882
691147
691285
691461
691557
691589
691876
691894
691978
692039
692103
692269
692439
692449
692619
692626
692668
692826
692836
692854
692856
692880
692981
693296
693300
693463
693552
693602
693822
694033
694036
694500
694805
694805
694918
694945
695569
695626
695765
695784
695802
695803
695814
695852
695862
695971
695980
695993
696121
696203
696204
696421
696599
696667
696730
696768
697367
697408
697411
697473
697509
697665
697740
697856
697954
697968
698008
698020
698037
698095
698476
698599
698716
698757
698979
699025
699031
699097
699320
699437
699458
699605
699666
699795
699901
699960
700077
700367
700396
700440
700667
700842
700848
700860
700945
701000
701024
701084
701236
701292
701938
701943
701962
702165
702202
702328
702619
702635
702653
702747
702896
702900
702994
703234
703247
703348
703417
703422
703439
703510
703575
703598
703653
703668
703918
703975
704077
704173
704278
704336
704387
704440
704579
704705
704794
704804
704970
705289
705307
705330
705400
705425
705510
705670
705681
705772
705837
706155
706212
706219
706372
706385
706409
706412
706449
706451
706704
706871
706981
707117
707305
707360
707447
707697
707977
708181
708202
708259
708393
708663
708689
708738
708848
709040
709053
709220
709385
709453
709486
709525
709808
709830
710000
710011
710021
710119
710135
710291
710469
710473
710848
711060
711245
711281
711374
711768
712025
712183
712243
712631
712645
712746
712821
713402
713533
713621
713662
713858
714011
714099
714106
714162
714174
714286
714391
714435
714521
714764
714786
714874
714877
715007
715078
715143
715281
715288
715316
715432
715504
715567
715570
715853
715872
715934
715949
715958
716089
716122
716152
716340
716453
716801
716862
717084
717111
717140
717144
717258
717285
717431
717635
717808
717907
717964
717966
718045
718168
718290
718305
718390
718451
718460
718590
718633
718967
719108
719116
719148
719148
719354
719432
719532
719703
719856
719904
720104
720155
720277
720301
720304
720667
720683
720795
721306
721768
721777
721911
722003
722461
722635
722672
722699
722722
722738
722756
722882
722926
723100
723247
723364
723494
723609
723756
723849
723867
724071
724099
724110
724173
724491
724586
724607
724730
724745
724810
724939
725169
725228
725311
725499
725514
725542
725665
725670
725730
725892
726066
726490
726496
726536
726596
726627
726984
727016
727072
727078
727328
727404
727521
727545
727671
727701
727722
727806
727836
727919
728120
728235
728299
728319
728518
728603
728900
728919
729277
729291
729474
729496
729521
729582
729613
729631
730212
730273
730415
730627
730667
730808
730920
731171
731209
731232
731570
731625
731755
731854
731860
732029
732036
732103
732158
732189
732200
732324
732346
732423
732612
732811
732861
732956
733114
733330
733335
733382
733461
733640
733670
733793
734035
734403
734442
734503
734526
734613
734623
734623
734635
734646
734697
734763
734786
734806
734992
735236
735391
735397
735593
735635
735917
736006
736128
736246
736388
736420
736548
736608
736670
736707
736967
737127
737139
737232
737237
737277
737340
737426
737632
737646
737832
737914
737974
738018
738020
738461
738514
738592
738629
738748
738774
738792
738982
739473
739638
739712
739790
740019
740148
740152
740278
740581
740603
741045
741174
741251
741454
741504
741582
741593
741753
742151
742195
742315
742344
742428
742623
742649
742810
742887
743002
743128
743150
743172
743332
743350
743377
743523
743635
743720
743727
743800
743889
743953
744147
744172
744258
744262
744369
744555
744659
744736
744743
744878
744963
745089
745197
745201
745317
745436
745535
745629
745873
745939
746078
746167
746444
746473
746507
746508
746557
746598
746641
746673
746678
746742
746864
747024
747028
747095
747322
747598
747657
747884
748105
748117
748245
748351
748366
748388
748552
748606
748647
748650
748717
748725
748847
749119
749213
749241
749614
749877
749957
750023
750031
750064
750132
750134
750155
750227
750257
750291
750331
750366
750629
750725
750998
751068
751098
751109
751171
751332
751437
751495
751741
751945
751996
752034
752070
752395
752493
752615
753026
753120
753155
753352
753457
753901
754048
754058
754181
754279
754302
754317
754568
754742
754773
754784
754908
754916
755190
755190
755432
755479
755538
755624
755763
755943
756122
756168
756203
756228
756252
756337
756402
756462
756639
756712
756839
756944
756980
757068
757283
757286
757346
757370
757442
757449
757474
757820
757847
757857
757889
758182
758264
758448
758605
758638
758742
758859
758889
759002
759023
759058
759137
759137
759189
759268
759296
759313
759414
759477
759484
759505
759787
759795
759842
759864
759984
760008
760072
760296
760314
760469
760469
760505
760509
760634
760829
761151
761422
761555
761563
761685
761754
761763
761841
762415
762446
762489
762563
762569
762570
762579
762681
762685
762788
762855
762859
762973
762997
763261
763261
763331
763338
763420
763450
763570
763577
763734
763767
763833
763991
764151
764466
764529
764614
764659
764804
765121
765138
765446
765493
765543
766170
766244
766252
766253
766332
766344
766348
766535
766737
766759
766817
767028
767088
767123
767407
767429
767505
767692
767860
768354
768377
768601
768669
768781
768860
768978
769071
769074
769208
769362
769389
769483
769495
769547
769627
769635
769722
769863
769922
770254
770328
770346
770396
770411
770454
770473
770714
770776
770814
770847
770874
770973
771196
771250
771259
771332
771500
771510
771665
771804
772064
772111
772227
772440
772687
773071
773177
773191
773238
773351
773638
773740
773753
773818
773893
773908
773992
774002
774015
774209
774383
774404
774422
774603
774632
774693
774754
774769
775038
775134
775351
775497
775559
775587
775709
775796
775874
776076
776139
776563
776879
777122
777124
777181
777317
777530
777813
777814
777846
777898
777961
778351
778570
778634
778644
778961
779009
779218
779285
779290
779485
779587
779672
779696
779721
779728
779790
780075
780398
780543
780641
780961
780963
781048
781125
781226
781271
781327
781371
781371
781450
781457
781742
781762
781767
781825
781832
781862
781946
782080
782260
782283
782422
782438
782525
782582
782612
782663
782708
782713
782865
782911
782923
783171
783265
783424
783448
783472
783476
783500
783941
783946
783960
784035
784122
784330
784345
784605
784626
784805
785087
785159
785242
785552
785836
785997
786038
786143
786290
786302
786356
786425
786499
786509
786546
786558
786576
786772
786825
786902
787020
787049
787158
787206
787329
787485
787521
787668
787712
787735
787777
787889
788066
788160
788199
788226
788265
788303
788344
788478
788519
788535
788625
788821
788956
788986
788988
789479
789721
789787
790333
790385
790441
790479
790490
790786
790875
790943
791034
791066
791076
791113
791162
791484
791531
791534
791718
791762
791781
791814
791848
791990
792399
792426
792440
792478
792497
792519
792608
792699
792817
792874
792879
792979
793137
793360
793554
793560
793657
793758
793768
793921
794069
794122
794247
794320
794385
794430
794434
794455
794575
794601
794662
794788
794813
794914
794939
795085
795242
795249
795278
795319
795407
795440
795526
795561
795727
795880
795952
796007
796380
796509
796606
797138
797175
797245
797255
797445
797476
797571
797736
797761
797767
797857
797947
798333
798621
798624
798625
798668
798724
798762
798772
798861
798944
798978
798981
799004
799028
799092
799126
799322
799384
799422
799519
799540
799559
799559
799569
799595
799930
799994
800280
800364
800611
800854
800855
800890
801077
801091
801209
801412
801471
801497
801634
801669
801720
801829
801964
802032
802037
802042
802053
802087
802164
802188
802206
802392
802430
802677
802737
802765
802809
802848
803189
803200
803207
803214
803312
803448
803484
803525
803545
803600
803681
803690
803703
803740
803899
804007
804053
804130
804150
804447
804676
804731
804768
804836
804929
805057
805092
805139
805423
805434
805457
805511
805601
805650
806224
806437
806570
806618
806649
806653
806664
807063
807094
807150
807186
807277
807373
807420
807442
807472
807478
807524
807646
807675
807690
807807
807854
808079
808089
808128
808150
808177
808325
808411
808423
808439
808471
808782
808874
809079
809209
809219
809237
809378
809587
809665
809747
809769
809805
809861
809878
810028
810384
810520
810727
810790
811035
811045
811217
811294
811403
811529
811533
811641
811787
811879
812278
812298
812404
812422
812490
812552
812629
812731
812860
812907
813025
813042
813088
813126
813227
813336
813368
813587
813701
813915
813919
814097
814103
814146
814308
814335
814340
814378
814446
814511
814513
814550
814813
814814
814965
815041
815089
815152
815243
815488
815578
815775
815799
815894
815974
816022
816062
816082
816126
816231
816272
816445
816778
816959
816980
817075
817189
817219
817292
817317
817335
817496
817523
817678
817816
817901
817924
817933
817958
818025
818049
818132
818168
818169
818244
818519
818586
818640
818872
818967
819018
819080
819154
819329
819385
819441
819585
819636
819774
819961
819992
820015
820096
820189
820218
820330
820422
820478
820657
820859
820945
820946
821054
821113
821597
821614
821731
821839
821856
821868
821878
821962
821990
822102
822238
822250
822436
822524
822525
822560
822589
822735
822894
822967
823001
823032
823151
823184
823255
823382
823463
823658
823846
823881
823898
823978
824060
824151
824185
824210
824226
824420
824551
824569
824764
824890
824979
825193
825396
825634
825756
825787
825929
826008
826021
826119
826336
826517
827033
827145
827392
827396
827447
827531
827559
827601
827669
827705
827829
827971
828010
828013
828140
828309
828398
828427
828470
828559
828812
829043
829087
829507
829535
829567
829597
829693
829738
829863
830061
830152
830298
830334
830356
830382
830645
830669
830852
830966
831257
831272
831305
831576
831591
831815
831852
831856
831971
832064
832117
832149
832308
832311
832614
832713
833182
833223
833342
833349
833381
833421
833467
833487
833599
833701
833703
833996
834115
834175
834310
834395
834515
834674
834728
834844
834904
834904
835134
835246
835318
835546
835621
835818
835992
836095
836236
836444
836586
836590
836862
837131
837246
837511
837594
837636
837676
837724
837785
837814
837871
837988
838031
838220
838227
838264
838338
838350
838452
838643
839078
839102
839137
839183
839445
839472
839535
839556
839598
839736
839858
840115
840443
840520
840586
840865
840899
840912
840940
840957
840963
840975
840978
841024
841068
841127
841180
841241
841314
841520
841701
842065
842108
842137
842186
842341
842438
842567
842600
842758
842769
842770
842908
842908
842934
842950
843032
843095
843204
843205
843366
843525
843538
843587
843638
843661
843711
843766
843956
844034
844242
844301
844394
844463
844636
844761
844768
844789
844957
844992
845020
845089
845100
845115
845117
845204
845210
845234
845264
845453
845454
845547
845689
845768
845803
845922
845928
846211
846324
846362
846424
846478
846483
846596
846603
846684
847004
847005
847110
847129
847427
847580
847700
847831
847892
848089
848097
848197
848386
848408
848417
848629
848716
848835
848910
848915
849013
849443
849607
849672
849932
849957
850005
850037
850194
850244
850248
850490
850525
850651
850827
851008
851058
851191
851192
851222
851225
851259
851259
851425
851548
851578
851686
851734
851895
851895
851911
852033
852035
852071
852136
852238
852561
852563
852635
852746
852813
853327
853355
853359
853432
853689
853875
853985
853996
854005
854008
854009
854047
854067
854135
854163
854163
854271
854277
854336
854516
854568
854785
854864
854916
854922
855130
855164
855196
855448
855512
855518
855541
855698
855782
855925
855987
856094
856294
856326
856342
856480
856547
856581
856615
856776
856945
857054
857109
857433
857526
857550
857941
857942
858555
858573
858644
858868
859056
859113
859206
859213
859405
859533
859730
859801
859854
859959
859964
860021
860188
860230
860267
860283
860284
860651
860787
861043
861182
861363
861432
861533
861538
861565
861716
861744
861838
861880
861947
861948
862036
862178
862252
862259
862287
862448
862585
862875
862896
862972
863044
863069
863296
863337
863490
863553
863558
863947
863981
864107
864152
864168
864231
864498
864583
864613
864813
864830
864901
864967
865133
865169
865243
865315
865483
865523
865579
865676
865744
865831
865835
865974
866323
866367
866376
866383
866689
866809
866847
866926
866940
866975
867064
867180
867225
867337
867382
867386
867416
867481
867555
867667
867690
867796
867846
867981
868020
868069
868156
868445
868478
868571
868931
868961
869094
869109
869204
869230
869592
869603
869800
869887
869919
870010
870108
870126
870128
870165
870173
870195
870312
870438
870626
870667
870735
870865
871040
871133
871277
871546
871563
871579
871705
871855
871935
872244
872310
872368
872394
872528
872544
872553
872556
872571
872603
872693
872772
872855
873044
873308
873366
873403
873474
873553
873593
873619
873643
873793
873794
873882
873907
873966
874033
874064
874100
874202
874254
874442
874615
874697
874851
874938
875065
875230
875332
875411
875418
875643
875687
875736
875750
875802
875843
875871
876032
876314
876356
876619
876812
876823
876920
876960
877082
877088
877209
877545
877637
877751
877776
877852
877873
877889
877897
877975
878030
878057
878308
878472
878480
878556
878576
878608
878678
878726
878814
878839
878870
878967
879091
879352
879406
879539
879605
879626
879642
879694
879794
879873
880176
880266
880444
880681
880710
880772
880962
880977
881001
881256
881304
881337
881398
881666
881752
881801
881853
881964
882056
882059
882117
882282
882428
882520
882595
882605
882672
882688
882796
882870
882918
882966
883011
883016
883151
883170
883204
883224
883614
883702
883817
883900
883919
883974
883977
883979
884033
884265
884401
884523
884680
884814
884840
884919
885021
885095
885107
885220
885302
885312
885349
885363
885416
885650
885708
885903
885905
885916
885991
886035
886081
886305
886416
886441
886500
886529
886665
886702
886741
886758
886834
886903
887043
887154
887246
887443
887462
887478
887799
887833
888420
888559
888668
888672
888792
889098
889301
889381
889883
889934
890082
890184
890187
890333
890464
890522
890696
890803
890907
891160
891168
891201
891286
891526
891626
891654
891836
891856
891929
892093
892180
892183
892220
892511
892614
892661
892680
893007
893029
893035
893271
893380
893511
893725
893844
893858
893928
893959
893998
894150
894161
894221
894730
894840
894980
895086
895195
895255
895424
895448
895455
895468
895515
895598
895784
895895
895907
895966
895974
896069
896207
896555
896555
896586
896612
896645
896800
896941
897224
897397
897397
897411
897509
897711
897739
897830
897849
898123
898198
898201
898258
898281
898412
898618
899000
899042
899124
899161
899176
899631
899711
899720
899840
899995
900016
900386
900717
900740
900800
900819
900979
901081
901108
901110
901194
901229
901535
901608
901671
901742
901906
901948
902232
902247
902266
902542
902712
902811
902841
902999
903136
903218
903309
903333
903454
903628
903636
903664
903892
903906
904061
904447
904511
904733
904814
904887
904922
905048
905097
905146
905219
905295
905501
905526
905557
905583
905748
905790
905866
905999
906037
906191
906393
906404
906547
906587
906703
906835
907000
907090
907099
907153
907196
907451
907514
907522
907594
907831
907920
908213
908398
908486
908663
908803
908994
909193
909275
909667
909913
909979
910408
910553
910601
910720
910747
910767
910799
910826
910911
910912
910990
911051
911063
911073
911142
911257
911405
911461
911499
911615
911619
911656
911684
911772
911777
911962
912138
912186
912186
912195
912462
912692
912710
912774
912803
913170
913252
913287
913291
913363
913427
913598
913917
914164
914194
914276
914284
914313
914493
914570
914635
914712
914740
914759
914887
915069
915083
915176
915281
915315
915421
915547
915557
915910
916165
916304
916372
916449
916573
916621
916675
916847
916899
916956
917108
917144
917196
917222
917329
917398
917452
917495
917560
917696
917955
918145
918178
918222
918343
918770
918900
919039
919101
919329
919640
919703
919872
919899
920002
920118
920118
920130
920304
920364
920505
920509
920607
920670
920780
920804
920819
920829
920853
920875
920922
921016
921060
921402
921623
921665
921763
921852
921884
921912
922016
922033
922107
922128
922129
922142
922323
922550
922638
922647
922675
922896
923039
923057
923091
923331
923425
923622
923643
923934
923991
924054
924084
924168
924212
924272
924324
924353
924563
924596
924886
924944
925048
925055
925078
925238
925244
925720
926004
926031
926053
926130
926226
926257
926431
926576
926653
926675
926677
926694
926720
926746
926811
926829
927116
927151
927177
927199
927233
927364
927384
927457
927618
927682
927808
927960
928041
928285
928288
928315
928382
928511
928513
928572
928714
928735
928780
928947
929219
929243
929253
929379
929432
929473
929538
929554
930358
930512
930525
930573
930584
930731
930912
931030
931205
931215
931268
931288
931476
931490
931602
931973
932106
932233
932282
932329
932474
932552
932558
932636
932684
932702
933005
933337
933341
933374
933768
933815
933877
933990
933993
934023
934034
934048
934087
934210
934215
934322
934459
934554
934604
934755
934854
934978
935055
935111
935491
935505
935578
935588
935621
935684
935916
936410
936530
936549
936566
936568
936687
936697
936852
937047
937065
937332
937371
937527
937670
937728
937882
937922
937937
938224
938239
938314
938454
938499
938505
938614
938675
938706
938761
938953
938984
939009
939185
939218
939234
939313
939562
939769
939855
939935
939953
940641
940658
940935
941053
941056
941068
941079
941253
941377
941497
941506
941624
941704
941767
941800
942288
942400
942403
942488
942491
942711
942841
943072
943222
943516
943536
943845
943857
943877
944061
944095
944203
944231
944251
944550
944552
944600
944645
944668
945184
945207
945267
945608
945802
945971
946209
946252
946373
946509
946529
946665
946755
946782
946861
946969
946992
947025
947125
947192
947265
947287
947363
947605
947644
947716
947864
947883
947901
947915
947949
948278
948351
948402
948428
948478
948513
948522
948613
948645
948842
948876
948997
949022
949192
949666
949678
949790
949814
949885
949947
950114
950350
950440
950455
950545
950684
950861
950863
950868
950868
950906
951013
951079
951110
951250
951493
951665
951752
951828
951851
952227
952344
952350
952393
952509
952830
952967
953049
953138
953228
953249
953366
953768
953770
954090
954198
954219
954452
954520
954584
954585
954655
954771
954834
954880
955012
955020
955114
955146
955211
955282
955376
955610
955659
955663
955750
955974
956043
956052
956083
956091
956698
956712
956801
956902
957152
957162
957301
957304
957365
957370
957458
957514
957741
957929
957951
958030
958061
958092
958281
958299
958330
958493
958512
958800
958801
958825
958917
959127
959187
959318
959331
959558
959607
959991
960147
960213
960235
960347
960432
960679
960686
960925
961084
961127
961157
961207
961346
961349
961431
961699
961811
961865
961989
962009
962057
962092
962142
962378
962407
962603
962667
962711
962738
962749
962765
962847
963022
963146
963251
963254
963269
963288
963332
963352
963504
963575
963717
963750
963753
963838
963929
964003
964215
964225
964354
964402
964542
964643
964678
964884
964971
965058
965093
965113
965123
965142
965175
965185
965299
965302
965418
965425
965481
965522
965896
965988
965994
966208
966215
966334
966346
966383
966522
966745
966882
967312
967338
967396
967479
967505
967644
967645
967750
967751
967755
967901
967910
967916
968025
968028
968254
968405
968627
968665
968791
968838
968892
968985
968991
968999
969033
969074
969137
969296
969309
969322
969607
969848
969909
970070
970076
970097
970108
970109
970122
970143
970267
970302
970616
970622
970780
971157
971173
971177
971382
971436
971546
971622
971791
972028
972066
972110
972280
972342
972475
972508
972745
972748
972750
972925
972971
973048
973175
973205
973357
973435
973766
973872
973872
973965
974059
974378
974429
974618
974767
974832
975066
975067
975187
975232
975316
975348
975357
975461
975522
975722
976135
976157
976251
976266
976287
976311
976315
976429
976503
976600
976623
976684
976686
976799
976872
976899
976955
977132
977152
977181
977212
977601
977684
977740
977758
977915
978234
978506
978634
978665
978716
978807
978849
978878
979025
979265
979333
979411
979609
979627
979654
979773
980090
980150
980240
980426
980607
980700
980759
980783
980899
981010
981011
981033
981098
981197
981290
981460
981609
981778
981818
981827
982342
982399
982612
982713
982793
982935
982952
982979
983042
983358
983445
983481
983674
983722
983730
983751
984114
984281
984631
984826
984910
985281
985318
985338
985741
985814
985924
986022
986055
986211
986359
986506
986518
986687
986700
986715
986810
986855
986917
986969
987040
987122
987142
987148
987360
987385
987388
987391
987558
987589
987969
988146
988314
988470
988752
988861
989011
989053
989226
989239
989245
989401
989402
989514
989561
989610
989742
989784
989904
990740
990768
990775
990867
990996
991055
991092
991346
991500
991512
991539
991690
991778
991818
992515
992562
992746
992850
992912
993033
993197
993285
993420
993457
993520
993614
993768
993912
993923
994039
994077
994153
994600
994656
994665
994755
994777
994930
994944
995230
995381
995477
995485
995538
995612
995644
995658
995678
995678
995698
995795
995997
996103
996150
996167
996197
996251
996292
996371
996387
996471
996809
996864
996900
997297
997363
997417
997758
997804
997860
997864
997892
997965
997985
998689
998962
999064
999521
999730
